ISO2,ISO_3,country_agg,region_agg,date,first_date,count,cli,cli_weight,cliWHO,cliWHO_weight,cli_local,count_local,weight,Finished,B1_1..77,B1_1.1,B1_1.2,B1_2..77,B1_2.1,B1_2.2,B1_3..77,B1_3.1,B1_3.2,B1_4..77,B1_4.1,B1_4.2,B1_5..77,B1_5.1,B1_5.2,B1_6..77,B1_6.1,B1_6.2,B1_7..77,B1_7.1,B1_7.2,B1_8..77,B1_8.1,B1_8.2,B1_9..77,B1_9.1,B1_9.2,B1_10..77,B1_10.1,B1_10.2,B1_11..77,B1_11.1,B1_11.2,B1_12..77,B1_12.1,B1_12.2,B1_13..77,B1_13.1,B1_13.2,B1_14..77,B1_14.1,B1_14.2,B1b_x1..99,B1b_x1..77,B1b_x1.1,B1b_x1.2,B1b_x2..99,B1b_x2..77,B1b_x2.1,B1b_x2.2,B1b_x3..99,B1b_x3..77,B1b_x3.1,B1b_x3.2,B1b_x4..99,B1b_x4..77,B1b_x4.1,B1b_x4.2,B1b_x5..99,B1b_x5..77,B1b_x5.1,B1b_x5.2,B1b_x6..99,B1b_x6..77,B1b_x6.1,B1b_x6.2,B1b_x7..99,B1b_x7..77,B1b_x7.1,B1b_x7.2,B1b_x8..99,B1b_x8..77,B1b_x8.1,B1b_x8.2,B1b_x9..99,B1b_x9..77,B1b_x9.1,B1b_x9.2,B1b_x10..99,B1b_x10..77,B1b_x10.1,B1b_x10.2,B1b_x11..99,B1b_x11..77,B1b_x11.1,B1b_x11.2,B1b_x12..99,B1b_x12..77,B1b_x12.1,B1b_x12.2,B1b_x13..99,B1b_x13..77,B1b_x13.1,B1b_x13.2,B1b_x14..99,B1b_x14..77,B1b_x14.1,B1b_x14.2,B3..99,B3..77,B3.1,B3.2,B5..99,B5..77,B5.1,B5.2,B6..99,B6..77,B6.1,B6.2,B7..99,B7..77,B7.1,B7.2,B8..99,B8.1,B8.2,B9..99,B9.1,B9.2,B9.3,B10..99,B10.1,B10.2,B11..99,B11..77,B11.1,B11.2,V1..99,V2..99,V2a..99,V3..99,V3..77,V3.1,V3.2,V3.3,V3.4,V4_1..99,V4_1..77,V4_1.1,V4_1.2,V4_1.3,V4_2..99,V4_2..77,V4_2.1,V4_2.2,V4_2.3,V4_3..99,V4_3..77,V4_3.1,V4_3.2,V4_3.3,V4_4..99,V4_4..77,V4_4.1,V4_4.2,V4_4.3,V4_5..99,V4_5..77,V4_5.1,V4_5.2,V4_5.3,V4_6..99,V5a_1..99,V5a_2..99,V5a_3..99,V5a_4..99,V5a_5..99,V5a_6..99,V5a_7..99,V5a_8..99,V5a_9..99,V5b_1..99,V5b_2..99,V5b_3..99,V5b_4..99,V5b_5..99,V5b_6..99,V5b_7..99,V5b_8..99,V5b_9..99,V5c_1..99,V5c_2..99,V5c_3..99,V5c_4..99,V5c_5..99,V5c_6..99,V5c_7..99,V5c_8..99,V5c_9..99,V5d_1..99,V5d_2..99,V5d_3..99,V5d_4..99,V5d_5..99,V5d_6..99,V5d_7..99,V5d_8..99,V5d_9..99,V6_1..99,V6_2..99,V6_3..99,V6_4..99,V6_5..99,V6_6..99,V6_7..99,V9..99,V9..77,V9.1,V9.2,V9.3,V9.4,V10_1..99,V10_2..99,V10_3..99,V10_4..99,V10_5..99,V10_6..99,V10_7..99,V10_8..99,V10_9..99,V10_10..99,V11..99,V12..99,B12_1..99,B12_1..77,B12_1.1,B12_1.2,B12_2..99,B12_2..77,B12_2.1,B12_2.2,B12_3..99,B12_3..77,B12_3.1,B12_3.2,B12_4..99,B12_4..77,B12_4.1,B12_4.2,B12_5..99,B12_5..77,B12_5.1,B12_5.2,B12_6..99,B12_6..77,B12_6.1,B12_6.2,B13_1..99,B13_1..77,B13_1.2,B13_2..99,B13_2..77,B13_2.1,B13_2.2,B13_3..99,B13_3..77,B13_3.1,B13_3.2,B13_4..99,B13_4..77,B13_4.2,B13_5..99,B13_5..77,B13_5.1,B13_5.2,B13_6..99,B13_6..77,B13_6.1,B13_6.2,B13_7..99,B13_7..77,B13_7.1,B13_7.2,B14_1..99,B14_1..77,B14_1.1,B14_1.2,B14_2..99,B14_2.1,B14_2.2,B14_3..99,B14_3..77,B14_3.1,B14_3.2,B14_4..99,B14_4..77,B14_4.1,B14_4.2,B14_5..99,B14_5..77,B14_5.1,B14_5.2,C0_1..99,C0_1..77,C0_1.1,C0_1.2,C0_2..99,C0_2..77,C0_2.1,C0_2.2,C0_3..99,C0_3..77,C0_3.1,C0_3.2,C0_4..99,C0_4..77,C0_4.1,C0_4.2,C0_5..99,C0_5..77,C0_5.1,C0_5.2,C0_6..99,C0_6..77,C0_6.1,C0_6.2,C1_m..99,C1_m..77,C1_m.1,C1_m.2,C2..99,C2..77,C2.1,C2.2,C2.3,C2.4,C7..99,C7..77,C7.1,C7.2,C7.3,C7.4,C8..99,C8..77,C8.1,C8.2,C3..99,C3..77,C3.1,C3.2,C5..99,C5..77,C5.1,C5.2,C5.3,C5.4,C5.5,C5.6,C6..99,C6..77,C6.1,C6.2,C6.3,C6.4,C14..99,C14..77,C14.1,C14.2,C14.3,C14.4,C9..99,C9..77,C9.1,C9.2,C9.3,C9a..99,C12..99,C12..77,C12.1,C12.2,C12.3,C13_1..99,C13_1..77,C13_1.1,C13_1.2,C13_2..99,C13_2..77,C13_2.1,C13_2.2,C13_3..99,C13_3..77,C13_3.1,C13_3.2,C13_4..99,C13_4..77,C13_4.1,C13_4.2,C13_5..99,C13_5..77,C13_5.1,C13_5.2,C13_6..99,C13_6..77,C13_6.1,C13_6.2,D1..99,D1..77,D1.1,D1.2,D1.3,D1.4,D1.5,D2..99,D2..77,D2.1,D2.2,D2.3,D2.4,D2.5,D3..99,D3..77,D3.1,D3.2,D3.3,D3.4,D4..99,D4..77,D4.1,D4.2,D4.3,D4.4,D5..99,D5..77,D5.1,D5.2,D5.3,D5.4,D6_1..99,D6_1..77,D6_1.1,D6_1.2,D6_2..99,D6_2..77,D6_2.1,D6_2.2,D6_3..99,D6_3..77,D6_3.1,D6_3.2,D7..99,D7..77,D7.1,D7.2,D8..99,D8..77,D8.1,D8.2,D9..99,D9.1,D9.2,D9.3,D9.4,D9.5,D9.7,D10..99,D10.1,D10.2,D10.3,D10.4,D10.5,D10.6,D10.7,D10.8,D10.9,D10.10,D10.11,D10.12,D10.13,D10.14,D10.15,E3..99,E3..77,E3.1,E3.2,E3.4,E4..99,E4..77,E4.1,E4.2,E4.3,E4.4,E4.5,E4.6,E4.7,E2..99,E2..77,E2.1,E2.2,E2.3,E7..99,E7..77,E7.1,E7.2,E7.3,E7.4,E7.5,B2.mean,B2.sd,B4.mean,B4.sd,E6.mean,E6.sd,E5.mean,E5.sd
GN,GIN,Guinea,Conakry,2021-01-20,2021-01-14,100,1,41058.13754034,1,41058.13754034,13,87,6062883.518010867,30,7,7,86,4,7,89,8,3,89,4,28,68,9,7,84,6,10,84,6,5,89,5,8,87,5,4,91,8,4,88,6,6,88,7,17,76,8,2,90,8,11,81,93,1,1,5,93,2,1,4,97,1,0,2,72,5,13,10,93,2,2,3,90,1,7,2,95,2,1,2,92,0,3,5,96,1,2,1,96,2,0,2,94,1,1,4,83,4,4,9,98,1,1,0,89,2,5,4,11,2,8,79,92,0,7,1,12,0,38,50,62,0,17,21,83,0,17,83,2,15,0,98,1,1,29,1,13,57,100,100,0,13,0,34,31,9,13,15,24,19,24,18,15,20,23,21,21,15,14,29,28,14,15,20,24,21,20,15,23,15,20,27,0,0,0,0,0,0,0,0,0,0,0,0,0,0,0,0,0,0,0,0,0,0,0,0,0,0,0,0,0,0,0,0,0,0,0,0,0,0,0,0,0,0,0,0,17,0,27,14,26,16,0,0,0,0,0,0,0,0,0,0,0,0,87,7,2,4,87,8,4,1,87,8,4,1,87,6,5,2,87,8,3,2,87,7,3,3,100,0,0,100,0,0,0,100,0,0,0,100,0,0,100,0,0,0,100,0,0,0,100,0,0,0,100,0,0,0,100,0,0,100,0,0,0,100,0,0,0,100,0,0,0,20,7,51,22,20,21,20,39,20,19,25,36,20,18,35,27,20,18,25,37,20,13,29,38,25,2,31,42,69,0,15,5,4,7,29,0,0,19,27,25,29,3,63,5,31,0,12,57,31,0,31,17,12,5,3,1,31,0,33,15,8,13,35,1,24,21,14,5,36,0,1,58,5,0,39,4,0,53,4,51,3,41,5,81,2,17,0,76,1,19,4,66,2,24,8,76,1,18,5,72,2,21,5,41,0,0,1,10,15,33,41,2,0,2,5,12,38,47,1,28,9,5,10,47,2,11,8,11,21,47,2,20,10,10,11,72,4,19,5,72,12,8,8,72,9,10,9,49,1,32,18,82,0,8,10,92,1,1,0,1,1,4,60,1,5,3,2,1,2,4,3,2,6,0,2,0,2,7,68,0,30,1,1,68,0,6,15,4,5,1,1,0,70,1,20,8,1,70,0,9,5,7,1,8,4.96969696969697,4.065747536468913,2,1.7320508075688772,10.666666666666666,6.5983680966176435,4.214285714285714,3.8040635471689317
GN,GIN,Guinea,Conakry,2021-01-21,2021-01-15,100,2,93158.5694274897,2,93158.5694274897,17,87,6217133.567876648,30,7,7,86,5,7,88,8,2,90,5,26,69,9,6,85,6,9,85,6,5,89,4,8,88,5,4,91,8,4,88,6,7,87,7,15,78,8,1,91,8,11,81,93,0,1,6,93,2,1,4,98,1,0,1,74,3,12,11,94,1,2,3,91,1,6,2,95,2,1,2,92,0,3,5,96,1,2,1,96,2,0,2,93,1,2,4,85,4,3,8,99,0,1,0,89,1,5,5,12,1,10,77,90,0,9,1,14,0,42,44,58,0,20,22,80,1,19,80,4,16,0,96,2,2,34,1,11,54,100,100,0,15,0,37,29,7,12,19,20,21,24,16,19,17,23,21,20,19,13,29,27,12,19,16,24,21,20,19,20,15,19,27,0,0,0,0,0,0,0,0,0,0,0,0,0,0,0,0,0,0,0,0,0,0,0,0,0,0,0,0,0,0,0,0,0,0,0,0,0,0,0,0,0,0,0,0,21,0,29,13,20,17,0,0,0,0,0,0,0,0,0,0,0,0,89,5,2,4,89,7,2,2,89,6,4,1,89,4,4,3,89,6,2,3,89,5,3,3,100,0,0,100,0,0,0,100,0,0,0,100,0,0,100,0,0,0,100,0,0,0,100,0,0,0,100,0,0,0,100,0,0,100,0,0,0,100,0,0,0,100,0,0,0,23,5,49,23,23,17,21,39,23,15,21,41,23,14,37,26,23,14,25,38,23,12,27,38,27,2,30,41,70,0,16,6,3,5,29,0,0,21,28,22,29,2,65,4,31,0,14,55,31,0,30,17,11,7,3,1,31,1,32,13,9,14,35,1,24,20,15,5,37,1,2,54,6,0,39,3,1,51,6,53,3,39,5,80,1,19,0,80,1,15,4,64,1,27,8,76,1,18,5,74,1,20,5,40,0,1,2,9,17,31,40,3,1,2,3,13,38,46,1,30,9,4,10,46,2,11,10,10,21,46,2,21,12,9,10,69,5,22,4,69,11,10,10,69,6,16,9,48,1,32,19,81,0,8,11,92,1,1,0,1,1,4,60,1,4,2,1,1,2,4,3,2,6,1,3,0,3,7,67,0,30,2,1,67,0,6,16,5,4,1,1,0,70,1,20,9,0,70,0,9,5,8,1,7,4.666666666666667,4.011477785428769,2.1666666666666665,1.6020819787597222,10.333333333333334,6.348833932911798,4.214285714285714,3.7649174193603736
GN,GIN,Guinea,Conakry,2021-01-22,2021-01-17,100,1,52100.431887149694,1,52100.431887149694,15,85,6609400.711324008,28,7,8,85,7,5,88,9,1,90,6,27,67,9,5,86,7,9,84,8,4,88,4,7,89,6,3,91,8,4,88,8,6,86,7,14,79,9,1,90,8,11,81,92,0,2,6,95,1,1,3,99,0,0,1,73,2,13,12,95,2,2,1,91,0,6,3,96,0,1,3,93,0,4,3,97,0,3,0,96,2,1,1,94,0,3,3,86,3,2,9,99,0,1,0,89,0,6,5,13,2,9,76,91,0,8,1,14,1,39,46,61,0,16,23,84,1,15,84,3,13,0,97,2,1,31,0,14,55,100,100,0,15,0,36,31,9,9,19,19,24,23,15,19,15,22,25,19,19,15,31,24,11,19,15,26,20,20,19,20,15,20,26,0,0,0,0,0,0,0,0,0,0,0,0,0,0,0,0,0,0,0,0,0,0,0,0,0,0,0,0,0,0,0,0,0,0,0,0,0,0,0,0,0,0,0,0,21,0,31,14,22,12,0,0,0,0,0,0,0,0,0,0,0,0,86,6,2,6,86,8,2,4,86,6,6,2,86,6,4,4,86,7,2,5,86,5,4,5,100,0,0,100,0,0,0,100,0,0,0,100,0,0,100,0,0,0,100,0,0,0,100,0,0,0,100,0,0,0,100,0,0,100,0,0,0,100,0,0,0,100,0,0,0,24,6,47,23,24,17,21,38,24,16,19,41,24,14,36,26,24,13,25,38,24,10,32,34,28,1,29,42,71,0,17,5,2,5,30,1,0,19,30,20,30,0,66,4,30,0,14,56,30,0,30,16,12,8,3,1,30,1,34,9,9,17,33,1,24,20,18,4,34,1,2,57,6,0,36,3,1,54,6,56,3,37,4,80,1,18,1,83,2,11,4,66,2,25,7,76,2,17,5,69,2,23,6,38,0,1,3,10,16,32,38,3,1,2,5,17,34,45,2,29,8,5,11,45,2,14,10,10,19,45,2,21,13,10,9,68,5,23,4,68,11,10,11,68,5,18,9,47,1,31,21,79,0,6,15,94,1,0,0,1,1,3,63,1,4,0,1,1,1,4,3,1,7,1,4,0,2,7,69,0,28,3,0,69,0,6,16,3,4,1,1,0,72,1,16,11,0,72,0,11,2,9,1,5,4.827586206896552,4.045005434547306,2,1.6733200530681513,10.481481481481481,5.911985026331423,4.392857142857143,3.928427125776891
GN,GIN,Guinea,Conakry,2021-01-23,2021-01-18,100,1,52100.431887149694,1,52100.431887149694,11,86,7125126.387807539,32,8,6,86,9,6,85,9,1,90,8,31,61,9,7,84,9,12,79,8,4,88,7,3,90,7,3,90,10,4,86,10,5,85,9,17,74,11,1,88,9,11,80,94,0,2,4,94,1,1,4,99,0,1,0,69,3,13,15,93,1,3,3,88,0,8,4,96,0,1,3,97,0,3,0,97,0,3,0,96,2,1,1,95,0,2,3,83,2,4,11,99,0,1,0,89,0,7,4,12,2,9,77,92,0,8,0,14,1,39,46,63,0,12,25,88,1,11,88,5,7,0,95,4,1,29,1,16,54,100,100,0,16,0,38,27,10,9,20,22,22,20,16,20,19,19,19,23,20,18,33,15,14,20,19,27,15,19,20,24,16,12,28,0,0,0,0,0,0,0,0,0,0,0,0,0,0,0,0,0,0,0,0,0,0,0,0,0,0,0,0,0,0,0,0,0,0,0,0,0,0,0,0,0,0,0,0,22,1,35,11,17,14,0,0,0,0,0,0,0,0,0,0,0,0,84,8,3,5,84,9,1,6,84,6,8,2,84,6,4,6,84,8,3,5,84,6,6,4,100,0,0,100,0,0,0,100,0,0,0,100,0,0,100,0,0,0,100,0,0,0,100,0,0,0,100,0,0,0,100,0,0,100,0,0,0,100,0,0,0,100,0,0,0,24,5,53,18,24,16,23,37,24,15,27,34,24,13,38,25,24,13,23,40,24,10,30,36,26,2,31,41,69,0,17,6,1,7,27,1,1,15,28,28,27,0,68,5,28,0,16,56,28,1,34,19,9,5,3,1,28,2,35,12,7,16,32,2,25,20,16,5,34,3,2,58,3,0,36,3,3,54,4,49,4,42,5,78,1,20,1,75,2,19,4,64,2,27,7,78,2,18,2,71,2,24,3,38,1,3,3,10,14,31,38,4,3,2,9,16,28,45,2,27,7,7,12,45,2,17,9,12,15,45,2,26,13,8,6,62,6,30,2,62,16,12,10,62,10,21,7,46,1,33,20,80,0,6,14,94,2,0,0,1,0,3,61,1,4,2,3,1,1,4,3,0,6,1,3,0,2,8,63,0,32,5,0,63,0,6,20,6,4,1,0,0,67,2,20,11,0,67,1,14,5,7,3,3,5.371428571428571,3.956273605343308,1.4,0.8944271909999157,9.580645161290322,5.931689998352843,3.71875,3.576215110438553
GN,GIN,Guinea,Conakry,2021-01-24,2021-01-19,100,1,52100.431887149694,1,52100.431887149694,10,84,7975295.912839929,30,7,7,86,8,5,87,7,1,92,7,29,64,7,10,83,7,17,76,6,5,89,6,4,90,6,4,90,8,4,88,8,5,87,7,16,77,9,2,89,7,12,81,93,0,1,6,95,1,1,3,99,0,1,0,71,3,11,15,90,1,4,5,83,0,11,6,95,0,2,3,96,0,3,1,96,0,3,1,96,2,1,1,95,0,2,3,84,2,4,10,98,0,2,0,88,0,9,3,15,1,8,76,93,0,7,0,17,1,39,43,63,0,12,25,88,1,11,88,6,6,0,94,4,2,32,1,15,52,100,100,0,19,0,35,25,11,10,23,23,23,20,11,23,19,22,19,17,23,19,33,13,12,23,16,29,14,18,23,21,16,11,29,0,0,0,0,0,0,0,0,0,0,0,0,0,0,0,0,0,0,0,0,0,0,0,0,0,0,0,0,0,0,0,0,0,0,0,0,0,0,0,0,0,0,0,0,25,2,32,10,15,16,0,0,0,0,0,0,0,0,0,0,0,0,85,8,2,5,85,8,1,6,85,5,8,2,85,5,4,6,85,7,4,4,85,5,5,5,100,0,0,100,0,0,0,100,0,0,0,100,0,0,100,0,0,0,100,0,0,0,100,0,0,0,100,0,0,0,100,0,0,100,0,0,0,100,0,0,0,100,0,0,0,26,8,45,21,26,15,24,35,26,14,28,32,26,15,37,22,26,13,24,37,26,11,32,31,28,1,32,39,68,0,18,6,1,7,29,2,2,12,24,31,29,0,68,3,33,0,17,50,33,1,29,20,8,4,3,2,33,2,31,9,11,14,36,1,24,20,16,3,38,3,2,54,3,0,41,4,3,46,6,57,3,35,5,77,2,20,1,74,2,19,5,65,2,26,7,77,2,19,2,69,2,24,5,44,2,4,2,9,13,26,44,3,4,1,9,14,25,49,1,26,4,7,13,49,1,17,9,9,15,49,1,27,14,4,5,60,5,33,2,60,16,11,13,60,10,22,8,50,0,33,17,83,0,6,11,94,2,0,0,1,0,3,61,1,4,3,4,0,1,4,3,0,4,2,2,0,2,9,66,0,27,6,1,66,1,4,20,6,3,0,0,0,69,1,20,10,0,69,2,15,5,4,3,2,4.542857142857143,3.3373365317346138,1.4,0.8944271909999157,9.642857142857142,5.736267244886862,3.3448275862068964,3.1084661131102393
GN,GIN,Guinea,Conakry,2021-01-25,2021-01-21,100,1,52100.431887149694,1,52100.431887149694,7,87,8231798.642260208,34,9,7,84,10,3,87,9,1,90,8,24,68,7,10,83,9,14,77,7,4,89,8,3,89,8,5,87,9,4,87,9,6,85,8,17,75,11,2,87,8,10,82,93,0,2,5,97,0,1,2,99,0,1,0,76,1,8,15,90,1,4,5,86,0,9,5,96,0,2,2,97,0,2,1,95,0,3,2,96,1,2,1,94,0,2,4,83,2,4,11,98,0,1,1,90,1,7,2,12,1,7,80,94,0,6,0,15,1,41,43,61,0,12,27,88,1,11,88,8,4,0,92,6,2,30,1,16,53,100,100,0,18,0,33,26,11,12,22,26,22,18,12,22,23,19,17,19,22,24,31,12,11,22,17,31,12,18,22,26,17,8,27,0,0,0,0,0,0,0,0,0,0,0,0,0,0,0,0,0,0,0,0,0,0,0,0,0,0,0,0,0,0,0,0,0,0,0,0,0,0,0,0,0,0,0,0,23,2,34,10,12,19,0,0,0,0,0,0,0,0,0,0,0,0,85,7,2,6,85,7,1,7,85,4,9,2,85,4,4,7,85,6,5,4,85,5,4,6,100,0,0,100,0,0,0,100,0,0,0,100,0,0,100,0,0,0,100,0,0,0,100,0,0,0,100,0,0,0,100,0,0,100,0,0,0,100,0,0,0,100,0,0,0,24,8,47,21,24,16,28,32,24,15,27,34,24,15,39,22,24,14,28,34,24,13,33,30,26,1,32,41,68,0,18,6,1,7,27,2,3,10,28,30,27,1,68,4,33,0,15,52,33,1,30,20,7,5,2,2,33,2,29,9,14,13,35,1,24,23,16,1,37,3,1,56,3,0,41,5,3,45,6,54,2,37,7,72,2,22,4,74,2,19,5,62,2,27,9,72,3,20,5,67,3,24,6,44,2,4,2,6,15,27,44,3,4,1,10,14,24,50,1,22,6,8,13,50,1,17,7,10,15,50,1,26,12,6,5,63,5,31,1,63,16,10,11,63,10,22,5,51,0,32,17,83,0,6,11,94,2,0,0,0,0,4,62,0,4,3,3,0,0,5,2,0,4,2,3,0,2,10,63,0,30,6,1,63,1,4,20,6,5,1,0,0,65,1,24,10,0,65,2,17,7,4,3,2,4.0606060606060606,2.8055680567778287,1,0,9.366666666666667,5.442383690064957,3.121212121212121,2.8477795709725298
GN,GIN,Guinea,Conakry,2021-01-26,2021-01-22,100,0,0,0,0,5,86,8731903.683170965,34,7,7,86,8,3,89,7,2,91,6,28,66,5,14,81,7,15,78,5,4,91,7,5,88,6,6,88,7,3,90,7,4,89,7,20,73,9,2,89,6,14,80,93,0,3,4,97,0,0,3,98,0,2,0,72,1,10,17,86,1,5,8,85,0,8,7,96,0,2,2,95,0,4,1,94,0,3,3,97,0,2,1,96,0,0,4,80,1,6,13,98,0,1,1,86,1,9,4,13,1,5,81,96,0,4,0,15,1,42,42,61,0,12,27,88,0,12,88,8,4,0,92,5,3,31,3,17,49,100,100,0,20,0,29,25,13,13,23,28,19,18,12,23,24,17,17,19,23,21,31,12,13,23,19,29,13,16,23,26,16,6,29,0,0,0,0,0,0,0,0,0,0,0,0,0,0,0,0,0,0,0,0,0,0,0,0,0,0,0,0,0,0,0,0,0,0,0,0,0,0,0,0,0,0,0,0,24,2,33,9,14,18,0,0,0,0,0,0,0,0,0,0,0,0,85,4,3,8,85,4,3,8,85,2,8,5,85,2,6,7,85,3,7,5,85,3,5,7,100,0,0,100,0,0,0,100,0,0,0,100,0,0,100,0,0,0,100,0,0,0,100,0,0,0,100,0,0,0,100,0,0,100,0,0,0,100,0,0,0,100,0,0,0,25,7,47,21,25,12,27,36,25,11,31,33,25,12,38,25,25,10,28,37,25,10,30,35,28,1,30,41,70,0,12,9,1,8,29,2,3,10,22,34,29,1,66,4,35,1,12,52,35,1,29,20,7,4,2,2,35,1,28,10,12,14,36,1,23,25,13,2,38,2,0,57,3,0,42,6,2,45,5,54,1,37,8,73,2,20,5,70,2,20,8,63,2,24,11,72,3,19,6,70,3,21,6,45,4,3,1,6,14,27,45,2,5,2,8,15,23,50,1,20,6,9,14,50,1,12,7,13,17,50,1,21,9,8,11,70,3,26,1,70,13,8,9,70,10,15,5,50,0,33,17,83,0,7,10,93,3,0,0,0,0,4,60,0,4,3,3,0,1,5,2,0,5,1,4,1,3,8,63,1,30,5,1,63,1,4,20,6,5,1,0,0,64,1,25,10,0,64,2,17,6,5,4,2,3.948717948717949,2.910495688915495,1,0,10,5.529143565818179,3.0606060606060606,2.9468138932094305
GN,GIN,Guinea,Conakry,2021-01-27,2021-01-23,100,0,0,0,0,6,88,8483340.726661755,34,10,6,84,9,3,88,9,3,88,8,30,62,8,12,80,8,15,77,6,4,90,10,5,85,9,5,86,8,2,90,8,5,87,10,22,68,11,4,85,7,15,78,94,0,3,3,97,0,0,3,97,1,2,0,70,2,10,18,88,0,4,8,85,1,8,6,96,0,2,2,95,1,3,1,95,0,2,3,98,0,1,1,95,0,2,3,78,2,8,12,96,0,1,3,85,2,10,3,12,0,6,82,95,0,5,0,14,0,44,42,59,0,13,28,87,0,13,87,8,5,0,92,5,3,30,3,17,50,100,100,0,19,0,30,24,13,14,22,26,20,16,16,22,25,21,13,19,22,17,35,12,14,22,19,29,16,14,22,25,17,4,32,0,0,0,0,0,0,0,0,0,0,0,0,0,0,0,0,0,0,0,0,0,0,0,0,0,0,0,0,0,0,0,0,0,0,0,0,0,0,0,0,0,0,0,0,23,3,31,8,14,21,0,0,0,0,0,0,0,0,0,0,0,0,85,4,4,7,85,3,4,8,85,2,7,6,85,3,4,8,85,4,6,5,85,3,5,7,100,0,0,100,0,0,0,100,0,0,0,100,0,0,100,0,0,0,100,0,0,0,100,0,0,0,100,0,0,0,100,0,0,100,0,0,0,100,0,0,0,100,0,0,0,25,6,46,23,25,9,29,37,25,9,32,34,25,10,39,26,25,10,25,40,25,10,28,37,27,1,33,39,67,0,14,9,1,9,28,1,3,11,19,38,28,1,65,6,36,2,16,46,36,2,29,20,5,5,2,1,36,2,24,9,12,17,38,1,23,26,10,2,40,2,1,54,3,0,44,6,3,42,5,54,1,37,8,71,2,21,6,68,2,20,10,61,2,24,13,75,3,17,5,72,3,20,5,47,4,4,0,5,14,26,47,2,5,2,9,12,23,52,1,22,6,9,10,52,1,14,7,11,15,52,1,21,8,7,11,71,3,25,1,71,13,7,9,71,10,13,6,52,0,33,15,85,0,9,6,91,2,0,1,0,1,5,58,0,4,3,3,0,1,6,2,0,4,2,4,1,3,9,63,1,31,4,1,63,1,3,19,7,6,1,0,0,64,1,25,10,0,64,2,16,7,4,4,3,4.1395348837209305,3.2483064844024945,1,0,10.2,6.002298410350535,2.9393939393939394,2.783201775152517
GN,GIN,Guinea,Conakry,2021-01-28,2021-01-23,100,0,0,0,0,4,89,9060547.875950491,33,11,6,83,9,4,87,10,2,88,8,24,68,9,12,79,8,13,79,8,4,88,11,5,84,11,4,85,8,1,91,9,5,86,9,21,70,11,5,84,7,14,79,94,0,3,3,96,0,0,4,98,1,1,0,76,1,7,16,88,0,5,7,87,1,7,5,96,0,3,1,95,1,3,1,96,0,1,3,99,0,1,0,95,0,2,3,79,2,9,10,95,0,1,4,86,2,9,3,11,0,4,85,97,0,3,0,13,0,43,44,59,0,15,26,85,0,15,85,9,6,0,91,6,3,30,2,15,53,100,100,0,17,0,31,26,12,14,20,27,22,15,16,20,24,23,15,18,20,17,35,15,13,20,22,28,16,14,20,28,15,5,32,0,0,0,0,0,0,0,0,0,0,0,0,0,0,0,0,0,0,0,0,0,0,0,0,0,0,0,0,0,0,0,0,0,0,0,0,0,0,0,0,0,0,0,0,21,2,33,9,16,19,0,0,0,0,0,0,0,0,0,0,0,0,87,2,3,8,87,1,4,8,87,0,6,7,87,2,3,8,87,2,5,6,87,1,4,8,100,0,0,100,0,0,0,100,0,0,0,100,0,0,100,0,0,0,100,0,0,0,100,0,0,0,100,0,0,0,100,0,0,100,0,0,0,100,0,0,0,100,0,0,0,24,10,43,23,24,9,31,36,24,11,30,35,24,11,39,26,24,10,27,39,24,11,28,37,26,0,33,41,67,0,15,9,1,8,27,1,2,15,17,38,27,3,66,4,35,2,16,47,35,3,26,20,6,6,3,1,35,3,22,11,11,18,36,1,24,26,12,1,37,1,1,57,4,0,41,7,3,44,5,57,1,33,9,69,2,22,7,70,2,18,10,61,3,21,15,73,4,17,6,72,3,18,7,44,5,2,1,7,17,24,44,4,3,2,9,14,24,48,3,25,6,9,9,48,3,11,11,11,16,48,3,19,11,6,13,70,2,25,3,70,11,6,13,70,8,11,11,48,0,37,15,85,1,7,7,93,1,0,1,0,1,4,57,1,5,3,1,0,1,4,2,0,4,2,6,1,3,10,66,1,29,3,1,66,1,3,17,7,4,1,1,0,66,1,25,8,0,66,3,15,7,3,2,4,3.945945945945946,3.4716786361287175,1,0,11.555555555555555,5.358913016456669,3.1333333333333333,2.812942174691993
GN,GIN,Guinea,Conakry,2021-01-29,2021-01-24,100,0,0,0,0,5,91,9528129.235173663,32,10,6,84,8,3,89,9,2,89,7,22,71,9,11,80,7,11,82,7,3,90,10,5,85,10,4,86,7,1,92,8,5,87,8,18,74,10,5,85,6,13,81,94,0,3,3,97,0,1,2,98,1,1,0,78,1,8,13,89,0,4,7,89,1,6,4,97,0,2,1,95,1,3,1,96,0,1,3,99,0,1,0,95,0,2,3,82,2,8,8,95,0,1,4,87,2,8,3,9,0,4,87,96,0,3,1,10,0,41,49,61,0,15,24,85,0,15,85,7,8,0,93,4,3,27,2,16,55,100,100,0,14,0,34,24,13,15,17,27,25,14,17,17,24,25,16,18,17,18,36,16,13,17,25,26,19,13,17,29,13,8,33,0,0,0,0,0,0,0,0,0,0,0,0,0,0,0,0,0,0,0,0,0,0,0,0,0,0,0,0,0,0,0,0,0,0,0,0,0,0,0,0,0,0,0,0,19,2,30,12,16,21,0,0,0,0,0,0,0,0,0,0,0,0,86,5,2,7,86,3,5,6,86,3,5,6,86,3,5,6,86,5,4,5,86,4,3,7,100,0,0,100,0,0,0,100,0,0,0,100,0,0,100,0,0,0,100,0,0,0,100,0,0,0,100,0,0,0,100,0,0,100,0,0,0,100,0,0,0,100,0,0,0,22,9,44,25,22,8,30,40,22,11,30,37,22,11,39,28,22,10,26,42,22,11,28,39,24,0,33,43,67,0,14,10,1,8,25,1,1,16,18,39,25,5,66,4,33,2,13,52,33,3,27,18,8,8,2,1,33,3,22,15,11,16,34,0,26,23,15,2,36,0,1,60,3,0,38,7,1,49,5,56,1,36,7,70,2,21,7,70,2,19,9,61,3,20,16,74,4,17,5,72,3,19,6,42,5,2,1,5,18,27,42,4,3,2,7,16,26,47,3,25,7,10,8,47,3,9,9,14,18,47,3,15,15,7,13,70,2,24,4,70,9,7,14,70,6,10,14,47,0,32,21,79,1,11,9,89,1,1,1,0,1,7,58,2,4,3,2,0,1,4,2,1,3,2,7,1,2,8,66,2,28,3,1,66,1,4,15,6,4,1,3,0,67,1,23,9,0,67,2,12,7,5,2,5,3.5000000000000004,2.961659766318301,1.25,0.5,11.5,5.300943312279429,3.206896551724138,2.8583125684424817
GN,GIN,Guinea,Conakry,2021-01-30,2021-01-24,100,0,0,0,0,8,93,9831029.79714615,34,11,5,84,8,5,87,9,3,88,7,21,72,9,9,82,7,7,86,7,3,90,11,4,85,11,5,84,8,2,90,8,3,89,8,19,73,10,4,86,6,14,80,95,0,3,2,95,0,1,4,97,1,1,1,79,1,7,13,91,0,3,6,93,1,4,2,97,0,1,2,96,1,3,0,95,0,1,4,98,0,2,0,97,0,2,1,81,2,9,8,96,0,0,4,86,2,7,5,7,0,5,88,95,0,3,2,8,1,39,52,63,1,12,24,88,0,12,88,5,7,0,95,3,2,24,2,20,54,100,100,0,13,0,35,25,13,14,18,24,25,12,21,18,20,25,17,20,18,16,35,16,15,18,23,26,20,13,18,26,13,10,33,0,0,0,0,0,0,0,0,0,0,0,0,0,0,0,0,0,0,0,0,0,0,0,0,0,0,0,0,0,0,0,0,0,0,0,0,0,0,0,0,0,0,0,0,20,2,31,12,16,19,0,0,0,0,0,0,0,0,0,0,0,0,82,9,3,6,82,6,6,6,82,6,6,6,82,6,6,6,82,8,5,5,82,8,3,7,100,0,0,100,0,0,0,100,0,0,0,100,0,0,100,0,0,0,100,0,0,0,100,0,0,0,100,0,0,0,100,0,0,100,0,0,0,100,0,0,0,100,0,0,0,23,8,45,24,23,7,30,40,23,10,30,37,23,9,39,29,23,8,23,46,23,9,28,40,25,0,34,41,66,0,16,9,1,8,26,1,2,19,17,35,26,5,66,3,31,2,13,54,31,3,28,18,9,7,3,1,31,3,21,17,11,17,32,0,24,23,18,3,35,0,1,60,4,0,38,5,1,53,3,55,1,36,8,70,1,21,8,70,2,20,8,61,3,19,17,77,4,14,5,72,3,18,7,41,4,1,1,6,17,30,41,3,2,3,7,15,29,46,3,29,9,7,6,46,2,11,9,14,18,46,2,17,12,8,15,71,2,23,4,71,9,7,13,71,5,11,13,46,0,34,20,80,1,9,10,91,1,1,1,0,1,5,58,2,3,2,1,0,2,5,3,1,4,2,7,1,2,7,64,2,31,3,0,64,0,5,15,7,4,1,4,0,65,2,24,9,0,65,1,11,9,6,3,5,3.5833333333333335,3.0272571272169326,1.6,0.8944271909999157,12.620689655172415,6.366282796911108,3.096774193548387,2.5994209446166714
GN,GIN,Guinea,Conakry,2021-01-31,2021-01-25,100,0,0,0,0,9,92,10341674.340772709,33,9,4,87,6,6,88,7,3,90,6,23,71,8,6,86,6,10,84,6,4,90,9,4,87,9,5,86,6,3,91,6,3,91,7,18,75,9,3,88,4,17,79,96,0,2,2,94,0,2,4,97,1,1,1,77,1,9,13,94,0,2,4,90,1,5,4,96,0,2,2,96,1,3,0,95,0,1,4,97,0,2,1,97,1,2,0,82,1,10,7,97,0,0,3,83,2,8,7,8,0,5,87,95,0,3,2,8,1,38,53,64,1,9,26,91,0,9,91,3,6,0,97,1,2,21,2,21,56,100,100,0,12,1,34,24,14,15,17,24,22,14,23,17,19,23,19,22,17,14,34,19,16,17,23,22,24,14,17,25,10,13,35,0,0,0,0,0,0,0,0,0,0,0,0,0,0,0,0,0,0,0,0,0,0,0,0,0,0,0,0,0,0,0,0,0,0,0,0,0,0,0,0,0,0,0,0,19,4,32,12,18,15,0,0,0,0,0,0,0,0,0,0,0,0,80,11,3,6,80,6,8,6,80,7,6,7,80,8,7,5,80,10,4,6,80,9,4,7,100,0,0,100,0,0,0,100,0,0,0,100,0,0,100,0,0,0,100,0,0,0,100,0,0,0,100,0,0,0,100,0,0,100,0,0,0,100,0,0,0,100,0,0,0,22,9,41,28,22,8,31,39,22,11,31,36,22,10,35,33,22,9,20,49,22,11,23,44,25,0,35,40,65,0,18,6,2,9,26,2,2,18,21,31,26,5,67,2,29,2,12,57,29,3,24,16,16,6,4,2,29,3,21,19,9,19,30,0,23,19,23,5,33,0,1,61,5,0,35,5,1,54,5,59,1,34,6,69,0,22,9,69,1,23,7,65,2,16,17,80,3,12,5,77,2,16,5,40,4,1,1,8,17,29,40,3,2,5,7,12,31,45,3,33,9,7,3,45,3,11,9,15,17,45,2,18,15,7,13,67,2,26,5,67,9,8,16,67,7,12,14,46,0,34,20,80,1,10,9,90,2,1,1,0,1,5,58,2,3,3,2,0,2,3,5,1,3,1,7,1,2,7,65,2,29,3,1,65,0,6,14,8,2,0,5,0,66,3,23,8,0,66,1,8,7,8,4,6,3.7941176470588234,3.072649747463618,1.8000000000000003,0.8366600265340757,12.814814814814815,6.668162225410197,3.724137931034482,2.505658620633048
GN,GIN,Guinea,Conakry,2021-02-01,2021-01-26,100,0,0,0,0,9,94,10202846.739819828,37,8,4,88,5,5,90,6,2,92,5,23,72,7,3,90,5,8,87,5,4,91,8,3,89,8,3,89,6,2,92,6,3,91,6,17,77,8,3,89,4,15,81,96,0,2,2,95,0,2,3,98,1,0,1,77,1,9,13,97,0,1,2,92,1,4,3,96,0,2,2,97,1,2,0,97,0,0,3,98,0,1,1,97,1,2,0,83,1,10,6,97,0,0,3,85,1,7,7,6,0,5,89,95,0,3,2,6,1,39,54,63,2,10,25,90,0,10,90,4,6,0,96,1,3,21,1,21,57,100,100,0,10,1,37,23,15,14,15,24,24,15,22,15,20,25,20,20,15,16,33,20,16,15,24,21,26,14,15,25,9,15,36,0,0,0,0,0,0,0,0,0,0,0,0,0,0,0,0,0,0,0,0,0,0,0,0,0,0,0,0,0,0,0,0,0,0,0,0,0,0,0,0,0,0,0,0,17,4,31,11,20,17,0,0,0,0,0,0,0,0,0,0,0,0,80,12,3,5,80,7,8,5,80,8,6,6,80,8,7,5,80,11,3,6,80,10,3,7,92,0,8,92,1,0,7,92,1,0,7,92,1,7,92,1,0,7,92,1,2,5,92,1,0,7,98,0,0,2,98,0,2,98,0,0,2,98,0,0,2,98,0,0,2,20,9,43,28,20,9,30,41,20,13,32,35,20,11,33,36,20,10,22,48,20,11,23,46,22,0,36,42,64,0,18,7,3,8,23,2,2,18,22,33,23,4,71,2,26,2,12,60,26,3,27,18,15,6,3,2,26,3,25,19,9,18,27,1,25,19,23,5,31,0,1,63,5,0,33,3,1,58,5,57,1,37,5,70,0,23,7,68,1,25,6,67,2,18,13,78,2,16,4,77,2,17,4,37,4,1,1,9,17,31,37,3,2,5,6,13,34,41,3,34,9,10,3,41,3,12,10,16,18,41,2,20,15,9,13,65,2,28,5,65,11,8,16,65,9,12,14,42,0,37,21,79,1,12,8,88,2,1,1,0,1,7,54,2,3,3,3,0,2,3,5,1,4,2,6,0,5,7,61,2,33,3,1,61,0,6,15,9,3,1,5,0,62,3,26,9,0,62,1,9,7,10,3,8,3.727272727272727,2.9076701075853593,1.8000000000000003,0.8366600265340757,12.096774193548388,7.03019600821901,3.5294117647058822,2.4769885689616107
GN,GIN,Guinea,Conakry,2021-02-02,2021-01-26,100,0,0,0,0,10,92,10016969.020279773,38,8,4,88,5,5,90,6,2,92,5,24,71,7,3,90,5,8,87,5,4,91,8,3,89,8,2,90,6,3,91,6,4,90,6,14,80,8,3,89,4,14,82,96,0,2,2,95,0,2,3,98,1,0,1,76,1,11,12,97,0,1,2,92,1,5,2,96,0,2,2,97,1,2,0,98,0,0,2,97,0,2,1,96,1,2,1,86,1,9,4,97,0,0,3,86,2,6,6,8,0,6,86,94,0,3,3,8,1,38,53,64,2,7,27,93,0,7,93,2,5,0,98,1,1,20,1,22,57,100,100,0,12,1,36,23,14,14,16,23,24,15,22,16,20,24,21,19,16,17,30,20,17,16,24,19,27,14,16,24,8,15,37,0,0,0,0,0,0,0,0,0,0,0,0,0,0,0,0,0,0,0,0,0,0,0,0,0,0,0,0,0,0,0,0,0,0,0,0,0,0,0,0,0,0,0,0,18,4,30,12,17,19,0,0,0,0,0,0,0,0,0,0,0,0,79,13,4,4,79,8,8,5,79,8,8,5,79,9,8,4,79,12,3,6,79,12,3,6,92,0,8,92,1,0,7,92,1,0,7,92,1,7,92,1,0,7,92,1,2,5,92,1,0,7,98,0,0,2,98,0,2,98,0,0,2,98,0,0,2,98,0,0,2,21,9,42,28,21,9,30,40,21,13,30,36,21,11,35,33,21,10,23,46,21,11,24,44,23,0,37,40,63,0,18,8,3,8,24,2,3,17,23,31,24,4,70,2,27,2,12,59,27,3,24,18,17,6,3,2,27,3,24,19,11,16,28,1,23,19,24,5,32,0,1,63,4,0,34,3,1,58,4,58,1,35,6,70,0,22,8,70,1,24,5,65,2,18,15,77,2,16,5,76,2,17,5,38,3,1,1,9,17,31,38,3,0,4,7,14,34,42,3,33,10,9,3,42,3,12,10,14,19,42,2,21,14,8,13,65,2,27,6,65,12,8,15,65,10,11,14,43,0,36,21,79,1,12,8,88,2,1,1,0,1,7,55,2,3,4,4,0,2,2,5,1,4,2,6,0,3,7,60,2,34,3,1,60,0,7,15,9,3,1,5,0,61,3,28,8,0,61,1,9,8,10,3,8,3.838709677419355,2.9108621196425455,1.8000000000000003,0.8366600265340757,11.969696969696969,7.112861803121373,3.571428571428572,2.428818573682593
GN,GIN,Guinea,Conakry,2021-02-03,2021-01-27,100,0,0,0,0,9,93,9788704.923935594,40,10,3,87,7,5,88,8,2,90,7,23,70,8,3,89,7,9,84,7,4,89,10,3,87,10,2,88,8,3,89,7,4,89,6,14,80,9,4,87,5,13,82,97,0,1,2,95,0,2,3,98,1,0,1,77,1,8,14,97,0,2,1,91,1,5,3,96,0,2,2,97,1,2,0,98,0,0,2,97,0,2,1,96,1,2,1,86,2,7,5,96,0,1,3,87,2,6,5,7,0,5,88,95,0,2,3,7,1,37,55,64,2,9,25,91,1,8,91,2,7,0,98,1,1,20,0,20,60,100,100,0,10,1,39,22,13,15,13,23,27,16,21,13,21,27,20,19,13,20,33,17,17,13,26,21,25,15,13,28,9,15,35,0,0,0,0,0,0,0,0,0,0,0,0,0,0,0,0,0,0,0,0,0,0,0,0,0,0,0,0,0,0,0,0,0,0,0,0,0,0,0,0,0,0,0,0,16,5,31,11,19,18,0,0,0,0,0,0,0,0,0,0,0,0,81,13,3,3,81,8,8,3,81,8,8,3,81,9,7,3,81,12,3,4,81,12,2,5,92,0,8,92,1,0,7,92,1,0,7,92,1,7,92,1,0,7,92,1,2,5,92,1,0,7,98,0,0,2,98,0,2,98,0,0,2,98,0,0,2,98,0,0,2,18,10,44,28,18,12,29,41,18,15,30,37,18,13,34,35,18,12,21,49,18,13,26,43,21,0,36,43,64,0,18,8,3,7,22,2,4,18,25,29,22,4,71,3,25,1,14,60,25,3,27,19,16,5,3,2,25,3,28,19,11,14,26,1,29,18,22,4,29,0,2,64,5,0,31,3,2,59,5,56,1,38,5,71,0,22,7,70,1,25,4,66,2,19,13,79,2,15,4,74,2,19,5,35,2,1,1,9,17,35,35,3,0,3,9,12,38,40,2,36,10,8,4,40,3,15,9,15,18,40,2,24,15,9,10,61,2,30,7,61,13,9,17,61,12,13,14,41,0,34,25,75,1,14,10,86,3,1,2,0,1,7,55,2,3,5,4,0,1,3,5,1,3,1,7,0,4,6,59,1,36,3,1,59,0,7,16,9,3,1,5,0,60,3,28,9,0,60,1,8,10,9,4,8,3.6249999999999996,2.4461952022972198,2,0.8164965809277259,12.46875,6.857933362172601,3.6666666666666665,2.242447642325552
GN,GIN,Guinea,Conakry,2021-02-04,2021-01-27,100,1,52279.4176687111,1,52279.4176687111,8,93,9968184.096780848,42,8,3,89,5,6,89,6,1,93,5,21,74,6,4,90,6,7,87,6,3,91,8,3,89,8,3,89,7,3,90,6,3,91,4,15,81,7,2,91,4,12,84,97,0,1,2,94,0,2,4,99,0,0,1,79,0,7,14,96,0,3,1,93,0,4,3,97,0,2,1,97,0,2,1,97,0,0,3,97,0,2,1,97,1,1,1,85,1,7,7,98,0,1,1,88,2,5,5,7,0,4,89,96,0,1,3,7,1,41,51,60,2,11,27,89,1,10,89,3,7,1,97,1,2,22,0,20,58,100,100,0,10,1,39,20,14,16,16,21,26,19,18,16,19,24,21,20,16,19,32,17,16,16,25,20,22,17,16,26,8,16,34,0,0,0,0,0,0,0,0,0,0,0,0,0,0,0,0,0,0,0,0,0,0,0,0,0,0,0,0,0,0,0,0,0,0,0,0,0,0,0,0,0,0,0,0,18,4,32,12,17,17,0,0,0,0,0,0,0,0,0,0,0,0,81,14,3,2,81,10,7,2,81,10,7,2,81,9,7,3,81,12,4,3,81,13,2,4,92,0,8,92,1,0,7,92,1,0,7,92,1,7,92,1,0,7,92,1,2,5,92,1,0,7,98,0,0,2,98,0,2,98,0,0,2,98,0,0,2,98,0,0,2,19,10,46,25,19,12,28,41,19,14,29,38,19,13,34,34,19,12,23,46,19,13,27,41,22,0,38,40,62,0,20,8,3,7,23,2,5,19,25,26,23,4,70,3,24,0,13,63,24,2,25,20,18,5,4,2,24,2,29,19,12,14,24,1,27,17,25,6,27,0,1,66,6,0,29,3,1,61,6,54,1,39,6,72,0,21,7,71,0,27,2,66,1,19,14,77,1,16,6,73,1,18,8,32,2,0,1,11,21,33,32,3,0,3,11,12,39,36,2,37,12,9,4,36,3,16,10,16,19,36,2,28,16,10,8,56,2,35,7,56,16,11,17,56,15,15,14,37,0,38,25,75,1,12,12,88,3,1,1,0,1,6,53,2,5,5,4,0,1,2,5,1,4,1,6,0,4,7,57,1,38,3,1,57,0,7,17,9,4,1,5,0,58,3,31,7,1,58,1,10,10,10,4,7,3.8275862068965516,2.726444119534786,2.3333333333333335,0.5773502691896257,12.212121212121213,6.683737613405278,3.5000000000000004,2.2631000025676333
GN,GIN,Guinea,Conakry,2021-02-05,2021-01-28,100,1,52279.4176687111,1,52279.4176687111,11,93,10164124.69749537,41,5,3,92,4,6,90,4,1,95,4,21,75,4,5,91,5,8,87,5,2,93,6,5,89,6,4,90,6,3,91,4,4,92,2,17,81,5,3,92,4,12,84,97,0,1,2,94,1,2,3,99,0,0,1,79,0,8,13,95,0,4,1,92,0,4,4,98,0,1,1,95,0,2,3,96,0,0,4,97,0,2,1,96,1,1,2,83,1,7,9,97,0,1,2,88,1,6,5,7,0,7,86,93,0,3,4,7,1,42,50,59,2,12,27,88,1,11,88,3,8,1,97,1,2,24,0,19,57,100,100,0,11,1,39,17,14,18,18,20,25,18,19,18,18,23,20,21,18,21,28,15,18,18,23,20,22,17,18,24,9,17,32,0,0,0,0,0,0,0,0,0,0,0,0,0,0,0,0,0,0,0,0,0,0,0,0,0,0,0,0,0,0,0,0,0,0,0,0,0,0,0,0,0,0,0,0,21,4,31,12,16,16,0,0,0,0,0,0,0,0,0,0,0,0,82,14,3,1,82,10,7,1,82,10,7,1,82,9,7,2,82,12,4,2,82,13,2,3,92,0,8,92,1,0,7,92,1,0,7,92,1,7,92,1,0,7,92,1,2,5,92,1,0,7,98,0,0,2,98,0,2,98,0,0,2,98,0,0,2,98,0,0,2,22,9,45,24,22,11,28,39,22,13,29,36,22,12,33,33,22,11,24,43,22,12,28,38,26,0,35,39,65,0,19,6,3,7,26,2,5,18,26,23,26,4,67,3,27,0,12,61,27,2,24,18,19,4,4,2,27,2,28,18,14,11,27,1,24,18,24,6,30,0,1,64,5,0,32,2,1,59,6,56,1,37,6,73,0,20,7,71,1,26,2,68,1,18,13,77,1,16,6,73,0,18,9,35,1,0,0,11,20,33,35,2,0,3,11,11,38,39,1,34,13,9,4,39,2,17,6,15,21,39,1,28,15,10,7,57,2,35,6,57,15,11,17,57,14,17,12,40,0,35,25,75,1,12,12,88,3,1,1,0,1,6,56,1,5,4,4,0,1,2,4,1,4,1,5,0,4,8,58,1,37,3,1,58,0,6,16,9,4,2,5,0,59,3,29,8,1,59,1,8,10,12,4,6,3.71875,2.8875078550374935,1.8000000000000003,0.8366600265340757,12.451612903225806,6.994467860042056,3.297297297297298,1.9701221742271167
GN,GIN,Guinea,Conakry,2021-02-06,2021-01-28,100,1,52279.4176687111,1,52279.4176687111,11,93,10164124.69749537,41,5,3,92,4,6,90,4,1,95,4,21,75,4,5,91,5,8,87,5,2,93,6,5,89,6,4,90,6,3,91,4,4,92,2,17,81,5,3,92,4,12,84,97,0,1,2,94,1,2,3,99,0,0,1,79,0,8,13,95,0,4,1,92,0,4,4,98,0,1,1,95,0,2,3,96,0,0,4,97,0,2,1,96,1,1,2,83,1,7,9,97,0,1,2,88,1,6,5,7,0,7,86,93,0,3,4,7,1,42,50,59,2,12,27,88,1,11,88,3,8,1,97,1,2,24,0,19,57,100,100,0,11,1,39,17,14,18,18,20,25,18,19,18,18,23,20,21,18,21,28,15,18,18,23,20,22,17,18,24,9,17,32,0,0,0,0,0,0,0,0,0,0,0,0,0,0,0,0,0,0,0,0,0,0,0,0,0,0,0,0,0,0,0,0,0,0,0,0,0,0,0,0,0,0,0,0,21,4,31,12,16,16,0,0,0,0,0,0,0,0,0,0,0,0,82,14,3,1,82,10,7,1,82,10,7,1,82,9,7,2,82,12,4,2,82,13,2,3,92,0,8,92,1,0,7,92,1,0,7,92,1,7,92,1,0,7,92,1,2,5,92,1,0,7,98,0,0,2,98,0,2,98,0,0,2,98,0,0,2,98,0,0,2,22,9,45,24,22,11,28,39,22,13,29,36,22,12,33,33,22,11,24,43,22,12,28,38,26,0,35,39,65,0,19,6,3,7,26,2,5,18,26,23,26,4,67,3,27,0,12,61,27,2,24,18,19,4,4,2,27,2,28,18,14,11,27,1,24,18,24,6,30,0,1,64,5,0,32,2,1,59,6,56,1,37,6,73,0,20,7,71,1,26,2,68,1,18,13,77,1,16,6,73,0,18,9,35,1,0,0,11,20,33,35,2,0,3,11,11,38,39,1,34,13,9,4,39,2,17,6,15,21,39,1,28,15,10,7,57,2,35,6,57,15,11,17,57,14,17,12,40,0,35,25,75,1,12,12,88,3,1,1,0,1,6,56,1,5,4,4,0,1,2,4,1,4,1,5,0,4,8,58,1,37,3,1,58,0,6,16,9,4,2,5,0,59,3,29,8,1,59,1,8,10,12,4,6,3.71875,2.8875078550374935,1.8000000000000003,0.8366600265340757,12.451612903225806,6.994467860042056,3.297297297297298,1.9701221742271167
GN,GIN,Guinea,Conakry,2021-02-07,2021-01-28,100,1,52279.4176687111,1,52279.4176687111,11,93,10164124.69749537,41,5,3,92,4,6,90,4,1,95,4,21,75,4,5,91,5,8,87,5,2,93,6,5,89,6,4,90,6,3,91,4,4,92,2,17,81,5,3,92,4,12,84,97,0,1,2,94,1,2,3,99,0,0,1,79,0,8,13,95,0,4,1,92,0,4,4,98,0,1,1,95,0,2,3,96,0,0,4,97,0,2,1,96,1,1,2,83,1,7,9,97,0,1,2,88,1,6,5,7,0,7,86,93,0,3,4,7,1,42,50,59,2,12,27,88,1,11,88,3,8,1,97,1,2,24,0,19,57,100,100,0,11,1,39,17,14,18,18,20,25,18,19,18,18,23,20,21,18,21,28,15,18,18,23,20,22,17,18,24,9,17,32,0,0,0,0,0,0,0,0,0,0,0,0,0,0,0,0,0,0,0,0,0,0,0,0,0,0,0,0,0,0,0,0,0,0,0,0,0,0,0,0,0,0,0,0,21,4,31,12,16,16,0,0,0,0,0,0,0,0,0,0,0,0,82,14,3,1,82,10,7,1,82,10,7,1,82,9,7,2,82,12,4,2,82,13,2,3,92,0,8,92,1,0,7,92,1,0,7,92,1,7,92,1,0,7,92,1,2,5,92,1,0,7,98,0,0,2,98,0,2,98,0,0,2,98,0,0,2,98,0,0,2,22,9,45,24,22,11,28,39,22,13,29,36,22,12,33,33,22,11,24,43,22,12,28,38,26,0,35,39,65,0,19,6,3,7,26,2,5,18,26,23,26,4,67,3,27,0,12,61,27,2,24,18,19,4,4,2,27,2,28,18,14,11,27,1,24,18,24,6,30,0,1,64,5,0,32,2,1,59,6,56,1,37,6,73,0,20,7,71,1,26,2,68,1,18,13,77,1,16,6,73,0,18,9,35,1,0,0,11,20,33,35,2,0,3,11,11,38,39,1,34,13,9,4,39,2,17,6,15,21,39,1,28,15,10,7,57,2,35,6,57,15,11,17,57,14,17,12,40,0,35,25,75,1,12,12,88,3,1,1,0,1,6,56,1,5,4,4,0,1,2,4,1,4,1,5,0,4,8,58,1,37,3,1,58,0,6,16,9,4,2,5,0,59,3,29,8,1,59,1,8,10,12,4,6,3.71875,2.8875078550374935,1.8000000000000003,0.8366600265340757,12.451612903225806,6.994467860042056,3.297297297297298,1.9701221742271167
GN,GIN,Guinea,Conakry,2021-02-09,2021-01-28,100,1,52279.4176687111,1,52279.4176687111,11,93,10150837.83081576,43,5,3,92,3,7,90,4,1,95,5,20,75,3,6,91,5,8,87,5,2,93,6,5,89,6,4,90,6,3,91,3,5,92,1,17,82,5,3,92,4,12,84,97,0,1,2,93,1,2,4,99,0,0,1,80,0,8,12,94,1,4,1,92,0,4,4,98,0,1,1,95,0,2,3,96,0,0,4,97,0,2,1,95,2,1,2,83,1,7,9,97,0,1,2,88,1,6,5,7,0,7,86,93,0,3,4,7,1,42,50,59,3,11,27,89,1,10,89,2,8,1,98,0,2,24,0,19,57,100,100,2,11,1,38,17,14,19,18,20,26,18,18,18,18,24,20,20,18,21,28,15,18,18,23,21,22,16,18,24,9,17,32,2,2,2,2,2,2,2,2,2,2,2,2,2,2,2,2,2,2,2,2,2,2,2,2,2,2,2,2,2,2,2,2,2,2,2,2,2,2,2,2,2,2,2,2,21,4,29,12,16,18,2,2,2,2,2,2,2,2,2,2,2,2,82,14,3,1,82,10,7,1,82,10,7,1,82,9,7,2,82,12,4,2,82,13,2,3,92,0,8,92,1,0,7,92,1,0,7,92,1,7,92,1,0,7,92,1,2,5,92,1,0,7,98,0,0,2,98,0,2,98,0,0,2,98,0,0,2,98,0,0,2,22,8,46,24,22,11,28,39,22,13,28,37,22,12,34,32,22,12,23,43,22,11,29,38,26,0,36,38,64,0,19,7,3,7,26,3,5,18,25,23,26,4,67,3,27,0,12,61,27,2,24,18,18,5,4,2,27,2,28,17,15,11,27,1,22,19,25,6,30,0,1,64,5,2,32,2,2,58,6,55,1,37,7,73,0,20,7,72,1,25,2,67,1,19,13,78,1,15,6,72,0,18,10,35,1,0,0,11,20,33,35,2,0,3,11,10,39,39,1,33,14,9,4,39,2,16,6,14,23,39,1,27,15,10,8,58,1,34,7,58,14,10,18,58,14,16,12,40,0,34,26,74,1,12,13,88,3,1,1,0,1,6,57,1,4,4,4,0,1,2,4,1,4,2,4,0,4,8,56,1,39,3,1,56,0,6,17,9,4,2,5,1,57,3,31,8,1,57,1,9,10,12,4,7,3.75,2.8624374905134213,1.8000000000000003,0.8366600265340757,12.333333333333334,7.043022551906721,3.2051282051282057,1.989174480710491
GN,GIN,Guinea,Conakry,2021-02-10,2021-01-28,100,1,52279.4176687111,1,52279.4176687111,11,93,10150837.83081576,43,5,3,92,3,7,90,4,1,95,5,20,75,3,6,91,5,8,87,5,2,93,6,5,89,6,4,90,6,3,91,3,5,92,1,17,82,5,3,92,4,12,84,97,0,1,2,93,1,2,4,99,0,0,1,80,0,8,12,94,1,4,1,92,0,4,4,98,0,1,1,95,0,2,3,96,0,0,4,97,0,2,1,95,2,1,2,83,1,7,9,97,0,1,2,88,1,6,5,7,0,7,86,93,0,3,4,7,1,42,50,59,3,11,27,89,1,10,89,2,8,1,98,0,2,24,0,19,57,100,100,2,11,1,38,17,14,19,18,20,26,18,18,18,18,24,20,20,18,21,28,15,18,18,23,21,22,16,18,24,9,17,32,2,2,2,2,2,2,2,2,2,2,2,2,2,2,2,2,2,2,2,2,2,2,2,2,2,2,2,2,2,2,2,2,2,2,2,2,2,2,2,2,2,2,2,2,21,4,29,12,16,18,2,2,2,2,2,2,2,2,2,2,2,2,82,14,3,1,82,10,7,1,82,10,7,1,82,9,7,2,82,12,4,2,82,13,2,3,92,0,8,92,1,0,7,92,1,0,7,92,1,7,92,1,0,7,92,1,2,5,92,1,0,7,98,0,0,2,98,0,2,98,0,0,2,98,0,0,2,98,0,0,2,22,8,46,24,22,11,28,39,22,13,28,37,22,12,34,32,22,12,23,43,22,11,29,38,26,0,36,38,64,0,19,7,3,7,26,3,5,18,25,23,26,4,67,3,27,0,12,61,27,2,24,18,18,5,4,2,27,2,28,17,15,11,27,1,22,19,25,6,30,0,1,64,5,2,32,2,2,58,6,55,1,37,7,73,0,20,7,72,1,25,2,67,1,19,13,78,1,15,6,72,0,18,10,35,1,0,0,11,20,33,35,2,0,3,11,10,39,39,1,33,14,9,4,39,2,16,6,14,23,39,1,27,15,10,8,58,1,34,7,58,14,10,18,58,14,16,12,40,0,34,26,74,1,12,13,88,3,1,1,0,1,6,57,1,4,4,4,0,1,2,4,1,4,2,4,0,4,8,56,1,39,3,1,56,0,6,17,9,4,2,5,1,57,3,31,8,1,57,1,9,10,12,4,7,3.75,2.8624374905134213,1.8000000000000003,0.8366600265340757,12.333333333333334,7.043022551906721,3.2051282051282057,1.989174480710491
GN,GIN,Guinea,Conakry,2021-02-11,2021-01-28,100,1,52279.4176687111,1,52279.4176687111,11,93,9140334.791237164,42,4,3,93,3,7,90,4,1,95,4,20,76,2,6,92,4,8,88,4,2,94,5,5,90,5,4,91,5,3,92,2,5,93,1,17,82,4,3,93,3,12,85,97,0,1,2,93,1,2,4,99,0,0,1,80,0,8,12,94,1,4,1,92,0,4,4,98,0,1,1,95,0,2,3,96,0,0,4,97,0,2,1,95,2,1,2,83,1,7,9,97,0,1,2,88,1,6,5,7,0,7,86,93,0,3,4,7,1,42,50,59,3,11,27,89,1,10,89,2,8,1,98,0,2,24,0,19,57,100,100,3,11,1,39,17,13,19,18,20,26,18,18,18,18,24,20,20,18,21,28,15,18,18,23,21,22,16,18,24,9,17,32,3,3,3,3,3,3,3,3,3,3,3,3,3,3,3,3,3,3,3,3,3,3,3,3,3,3,3,3,3,3,3,3,3,3,3,3,3,3,3,3,3,3,3,3,21,5,28,12,16,18,3,3,3,3,3,3,3,3,3,3,3,3,82,13,4,1,82,10,7,1,82,11,6,1,82,9,7,2,82,12,4,2,82,13,2,3,92,0,8,92,1,0,7,92,1,0,7,92,1,7,92,1,0,7,92,1,2,5,92,1,0,7,98,0,0,2,98,0,2,98,0,0,2,98,0,0,2,98,0,0,2,22,7,47,24,22,11,27,40,22,12,28,38,22,11,34,33,22,11,23,44,22,10,29,39,26,0,36,38,64,0,19,7,3,7,26,3,5,18,25,23,26,3,68,3,27,0,12,61,27,1,25,18,18,5,4,2,27,1,29,17,15,11,27,1,21,20,25,6,30,0,1,64,5,3,32,1,2,59,6,54,1,38,7,74,0,19,7,72,1,25,2,67,1,19,13,78,1,15,6,72,0,18,10,35,1,0,0,10,20,34,35,1,0,3,11,10,40,39,1,32,14,9,5,39,1,16,6,14,24,39,0,28,15,10,8,57,1,34,8,57,15,10,18,57,15,16,12,40,0,34,26,74,0,13,13,87,3,1,1,0,1,7,56,1,4,4,4,0,1,2,4,1,4,3,4,0,4,8,57,1,39,2,1,57,0,6,17,9,4,2,4,1,58,3,30,8,1,58,0,9,10,12,4,7,3.75,2.8624374905134213,1.8000000000000003,0.8366600265340757,12.333333333333334,7.043022551906721,3.2051282051282057,1.989174480710491
GN,GIN,Guinea,Conakry,2021-02-12,2021-01-28,100,1,52279.4176687111,1,52279.4176687111,11,93,9089439.391655544,42,6,3,91,5,7,88,6,1,93,5,20,75,3,7,90,6,8,86,6,2,92,7,5,88,7,4,89,7,3,90,4,5,91,3,17,80,6,3,91,5,12,83,97,0,1,2,93,1,2,4,99,0,0,1,80,0,8,12,93,1,5,1,92,0,4,4,98,0,1,1,95,0,2,3,96,0,0,4,97,0,2,1,95,2,1,2,83,1,7,9,97,0,1,2,88,1,6,5,7,0,7,86,93,0,3,4,7,1,41,51,60,3,10,27,90,1,9,90,2,7,1,98,0,2,23,0,20,57,100,100,5,11,1,39,18,13,18,18,20,26,18,18,18,20,23,19,20,18,20,30,14,18,18,23,21,22,16,18,23,9,18,32,5,5,5,5,5,5,5,5,5,5,5,5,5,5,5,5,5,5,5,5,5,5,5,5,5,5,5,5,5,5,5,5,5,5,5,5,5,5,5,5,5,5,5,5,21,5,28,11,17,18,5,5,5,5,5,5,5,5,5,5,5,5,81,14,4,1,81,11,7,1,81,12,6,1,81,10,7,2,81,13,4,2,81,13,3,3,92,0,8,92,1,0,7,92,1,0,7,92,1,7,92,1,0,7,92,1,2,5,92,1,0,7,98,0,0,2,98,0,2,98,0,0,2,98,0,0,2,98,0,0,2,23,6,48,23,23,12,26,39,23,12,28,37,23,12,33,32,23,12,22,43,23,11,28,38,27,0,36,37,64,0,19,7,3,7,27,3,5,17,25,23,27,3,67,3,28,0,11,61,28,1,24,17,18,6,4,2,28,1,29,15,16,11,28,1,21,19,25,6,31,0,1,63,5,5,34,1,2,58,5,53,1,38,8,75,0,18,7,72,1,25,2,68,1,18,13,79,1,14,6,73,0,17,10,37,1,0,0,10,19,33,37,1,0,3,11,10,38,41,1,30,14,9,5,41,1,16,5,13,24,41,0,26,15,10,8,59,1,32,8,59,14,10,17,59,14,16,11,42,0,33,25,75,0,13,12,87,3,1,1,0,1,7,57,1,4,4,4,0,1,2,4,1,4,3,4,0,4,7,57,1,39,2,1,57,0,6,17,9,4,2,4,1,58,3,30,8,1,58,0,9,10,12,4,7,3.6969696969696964,2.8337789310923727,1.8000000000000003,0.8366600265340757,12.333333333333334,7.043022551906721,3.2051282051282057,1.989174480710491
GN,GIN,Guinea,Conakry,2021-02-13,2021-01-28,100,1,52279.4176687111,1,52279.4176687111,11,92,8967849.26745906,42,6,3,91,5,7,88,6,1,93,5,21,74,3,6,91,6,8,86,6,2,92,7,5,88,7,4,89,7,3,90,4,5,91,3,18,79,6,2,92,5,13,82,97,0,1,2,93,1,2,4,99,0,0,1,79,0,9,12,94,1,4,1,92,0,4,4,98,0,1,1,95,0,2,3,96,0,0,4,97,0,2,1,95,2,1,2,82,1,8,9,98,0,1,1,87,1,7,5,8,0,7,85,93,0,3,4,8,1,41,50,60,3,10,27,90,1,9,90,2,7,1,98,0,2,24,0,20,56,100,100,6,12,1,38,18,13,18,19,20,26,18,17,19,19,23,19,20,19,19,30,14,18,19,22,21,22,16,19,22,9,18,32,6,6,6,6,6,6,6,6,6,6,6,6,6,6,6,6,6,6,6,6,6,6,6,6,6,6,6,6,6,6,6,6,6,6,6,6,6,6,6,6,6,6,6,6,22,5,27,11,17,18,6,6,6,6,6,6,6,6,6,6,6,6,81,14,4,1,81,11,7,1,81,12,6,1,81,10,7,2,81,13,4,2,81,13,3,3,92,0,8,92,1,0,7,92,1,0,7,92,1,7,92,1,0,7,92,1,2,5,92,1,0,7,98,0,0,2,98,0,2,98,0,0,2,98,0,0,2,98,0,0,2,24,5,48,23,24,12,25,39,24,11,28,37,24,11,33,32,24,11,22,43,24,10,28,38,28,0,36,36,64,0,19,7,3,7,28,3,5,16,25,23,28,3,66,3,29,0,11,60,29,1,23,17,18,6,4,2,29,1,28,15,16,11,29,1,21,19,24,6,32,0,1,62,5,6,35,1,2,57,5,53,1,38,8,76,0,17,7,72,1,25,2,68,1,18,13,79,1,14,6,73,0,17,10,38,1,0,0,10,19,32,38,1,0,3,11,10,37,42,1,29,14,9,5,42,1,16,5,13,23,42,0,26,15,10,7,59,1,32,8,59,14,10,17,59,14,16,11,43,0,32,25,75,0,13,12,87,3,1,1,0,1,7,57,1,4,4,4,0,1,2,4,1,4,3,4,0,4,7,57,1,39,2,1,57,0,6,17,9,4,2,4,1,58,3,30,8,1,58,0,9,10,12,4,7,3.6969696969696964,2.8337789310923727,1.8000000000000003,0.8366600265340757,12.333333333333334,7.043022551906721,3.2051282051282057,1.989174480710491
GN,GIN,Guinea,Conakry,2021-02-15,2021-01-29,100,1,52279.4176687111,1,52279.4176687111,11,91,8949243.10693443,42,6,3,91,5,7,88,6,1,93,5,21,74,3,6,91,6,8,86,6,2,92,7,5,88,7,4,89,7,3,90,4,5,91,3,18,79,6,2,92,5,13,82,97,0,1,2,93,1,2,4,99,0,0,1,79,0,9,12,94,1,4,1,92,0,4,4,98,0,1,1,95,0,2,3,96,0,0,4,97,0,2,1,95,2,1,2,82,1,7,10,98,0,1,1,87,1,7,5,9,0,7,84,93,0,3,4,9,1,40,50,61,3,10,26,90,1,9,90,2,7,1,98,0,2,25,0,20,55,100,100,7,13,1,38,18,13,17,20,19,26,18,17,20,19,23,19,19,20,19,30,14,17,20,21,21,22,16,20,21,9,18,32,7,7,7,7,7,7,7,7,7,7,7,7,7,7,7,7,7,7,7,7,7,7,7,7,7,7,7,7,7,7,7,7,7,7,7,7,7,7,7,7,7,7,7,7,23,5,26,11,17,18,7,7,7,7,7,7,7,7,7,7,7,7,81,14,4,1,81,11,7,1,81,12,6,1,81,10,7,2,81,13,4,2,81,13,3,3,92,0,8,92,1,0,7,92,1,0,7,92,1,7,92,1,0,7,92,1,2,5,92,1,0,7,98,0,0,2,98,0,2,98,0,0,2,98,0,0,2,98,0,0,2,24,5,48,23,24,12,25,39,24,11,28,37,24,11,33,32,24,11,22,43,24,10,28,38,28,0,36,36,64,0,19,7,3,7,28,3,5,16,25,23,28,3,66,3,29,0,11,60,29,1,23,17,18,6,4,2,29,1,28,15,16,11,29,1,21,19,24,6,32,0,1,62,5,7,35,1,2,57,5,53,1,38,8,76,0,17,7,72,1,25,2,68,1,18,13,79,1,14,6,73,0,17,10,38,1,0,0,10,19,32,38,1,0,3,11,10,37,42,1,29,14,9,5,42,1,16,5,13,23,42,0,26,15,10,7,59,1,32,8,59,14,10,17,59,14,16,11,43,0,32,25,75,0,13,12,87,3,1,1,0,1,7,57,1,4,4,4,0,1,2,4,1,4,3,4,0,4,7,57,1,39,2,1,57,0,6,17,9,4,2,4,1,58,3,30,8,1,58,0,9,10,12,4,7,3.75,2.8624374905134213,1.8000000000000003,0.8366600265340757,12.333333333333334,7.043022551906721,3.2051282051282057,1.989174480710491
GN,GIN,Guinea,Conakry,2021-02-16,2021-01-29,100,1,52279.4176687111,1,52279.4176687111,11,91,8949243.10693443,42,6,3,91,5,7,88,6,1,93,5,21,74,3,6,91,6,8,86,6,2,92,7,5,88,7,4,89,7,3,90,4,5,91,3,18,79,6,2,92,5,13,82,97,0,1,2,93,1,2,4,99,0,0,1,79,0,9,12,94,1,4,1,92,0,4,4,98,0,1,1,95,0,2,3,96,0,0,4,97,0,2,1,95,2,1,2,82,1,7,10,98,0,1,1,87,1,7,5,9,0,7,84,93,0,3,4,9,1,40,50,61,3,10,26,90,1,9,90,2,7,1,98,0,2,25,0,20,55,100,100,7,13,1,38,18,13,17,20,19,26,18,17,20,19,23,19,19,20,19,30,14,17,20,21,21,22,16,20,21,9,18,32,7,7,7,7,7,7,7,7,7,7,7,7,7,7,7,7,7,7,7,7,7,7,7,7,7,7,7,7,7,7,7,7,7,7,7,7,7,7,7,7,7,7,7,7,23,5,26,11,17,18,7,7,7,7,7,7,7,7,7,7,7,7,81,14,4,1,81,11,7,1,81,12,6,1,81,10,7,2,81,13,4,2,81,13,3,3,92,0,8,92,1,0,7,92,1,0,7,92,1,7,92,1,0,7,92,1,2,5,92,1,0,7,98,0,0,2,98,0,2,98,0,0,2,98,0,0,2,98,0,0,2,24,5,48,23,24,12,25,39,24,11,28,37,24,11,33,32,24,11,22,43,24,10,28,38,28,0,36,36,64,0,19,7,3,7,28,3,5,16,25,23,28,3,66,3,29,0,11,60,29,1,23,17,18,6,4,2,29,1,28,15,16,11,29,1,21,19,24,6,32,0,1,62,5,7,35,1,2,57,5,53,1,38,8,76,0,17,7,72,1,25,2,68,1,18,13,79,1,14,6,73,0,17,10,38,1,0,0,10,19,32,38,1,0,3,11,10,37,42,1,29,14,9,5,42,1,16,5,13,23,42,0,26,15,10,7,59,1,32,8,59,14,10,17,59,14,16,11,43,0,32,25,75,0,13,12,87,3,1,1,0,1,7,57,1,4,4,4,0,1,2,4,1,4,3,4,0,4,7,57,1,39,2,1,57,0,6,17,9,4,2,4,1,58,3,30,8,1,58,0,9,10,12,4,7,3.75,2.8624374905134213,1.8000000000000003,0.8366600265340757,12.333333333333334,7.043022551906721,3.2051282051282057,1.989174480710491
